object Form1: TForm1
  Left = 0
  Top = 0
  Caption = 'Form1'
  ClientHeight = 552
  ClientWidth = 640
  FormFactor.Width = 320
  FormFactor.Height = 480
  FormFactor.Devices = [dkDesktop, dkiPhone, dkiPad]
  DesignerMobile = False
  DesignerWidth = 0
  DesignerHeight = 0
  DesignerDeviceName = ''
  DesignerOrientation = 0
  object Memo1: TMemo
    Height = 465.000000000000000000
    Position.X = 8.000000000000000000
    Position.Y = 8.000000000000000000
    TabOrder = 0
    Width = 625.000000000000000000
    Font.Size = 26.000000000000000000
    StyledSettings = [ssFamily, ssStyle, ssFontColor]
  end
  object Start: TButton
    Height = 49.000000000000000000
    Position.X = 208.000000000000000000
    Position.Y = 488.000000000000000000
    TabOrder = 1
    Text = 'Start'
    Width = 217.000000000000000000
    OnClick = StartClick
  end
end
